{
 "cells": [
  {
   "cell_type": "markdown",
   "metadata": {},
   "source": [
    "# ORTHOGONALITY"
   ]
  },
  {
   "cell_type": "markdown",
   "metadata": {},
   "source": [
    "02/04/2020\n",
    "\n",
    "Francesca Mazzia\n",
    "\n",
    "license: Creative Commons non-commercial not derivative works - 2.5 Italy License http://creativecommons.org/licenses/by-nc-nd/2.5/it/"
   ]
  },
  {
   "cell_type": "markdown",
   "metadata": {},
   "source": [
    "###  Orthogonal  matrices"
   ]
  },
  {
   "cell_type": "code",
   "execution_count": 3,
   "metadata": {},
   "outputs": [
    {
     "name": "stdout",
     "output_type": "stream",
     "text": [
      "Orthogonal Random matrix: \n",
      " [[-0.47447151 -0.08060625 -0.87657254]\n",
      " [-0.83852789  0.34439868  0.4222091 ]\n",
      " [-0.26785774 -0.93535671  0.23099795]]\n"
     ]
    }
   ],
   "source": [
    "import scipy as sp\n",
    "import numpy as np\n",
    "import  scipy.stats as sst\n",
    "\n",
    "M = sst.ortho_group.rvs(dim=3)\n",
    "print('Orthogonal Random matrix: \\n',M)"
   ]
  },
  {
   "cell_type": "code",
   "execution_count": 5,
   "metadata": {},
   "outputs": [
    {
     "name": "stdout",
     "output_type": "stream",
     "text": [
      "dot product: \n",
      " [[ 1.00000000e+00  7.45113912e-18 -8.80921135e-17]\n",
      " [ 7.45113912e-18  1.00000000e+00  4.67014116e-17]\n",
      " [-8.80921135e-17  4.67014116e-17  1.00000000e+00]]\n"
     ]
    }
   ],
   "source": [
    "print('dot product: \\n', np.dot(M,M.T))\n",
    "# M M^T = I identity matrix  M^T is the inverse of an orthogonal matrix (orthogonal matrix square matrix)"
   ]
  },
  {
   "cell_type": "code",
   "execution_count": 7,
   "metadata": {},
   "outputs": [
    {
     "name": "stdout",
     "output_type": "stream",
     "text": [
      "dot product: \n",
      " [[ 1.00000000e+00  4.80572986e-17  3.70947613e-17]\n",
      " [ 4.80572986e-17  1.00000000e+00 -7.75227071e-17]\n",
      " [ 3.70947613e-17 -7.75227071e-17  1.00000000e+00]]\n"
     ]
    }
   ],
   "source": [
    "print('dot product: \\n', np.dot(M.T,M))\n",
    "# M^T M = I identity matrix"
   ]
  },
  {
   "cell_type": "code",
   "execution_count": 9,
   "metadata": {},
   "outputs": [
    {
     "name": "stdout",
     "output_type": "stream",
     "text": [
      "Determinant: \n",
      " -0.9999999999999999\n"
     ]
    }
   ],
   "source": [
    "print('Determinant: \\n',sp.linalg.det(M)) # det = -1 or det = 1"
   ]
  },
  {
   "cell_type": "markdown",
   "metadata": {},
   "source": [
    "### Generic random matrix\n",
    "Uniform distribution "
   ]
  },
  {
   "cell_type": "code",
   "execution_count": 12,
   "metadata": {},
   "outputs": [
    {
     "name": "stdout",
     "output_type": "stream",
     "text": [
      "Generic Random matrix: \n",
      " [[0.52682108 0.84679263 0.29768453]\n",
      " [0.05172564 0.38168386 0.58010763]\n",
      " [0.69265093 0.11894647 0.27088331]\n",
      " [0.1011912  0.44348649 0.17521656]\n",
      " [0.07698733 0.60513555 0.52689008]]\n"
     ]
    }
   ],
   "source": [
    "A= np.random.rand(5,3)\n",
    "print('Generic Random matrix: \\n',A)"
   ]
  },
  {
   "cell_type": "code",
   "execution_count": 14,
   "metadata": {},
   "outputs": [
    {
     "name": "stdout",
     "output_type": "stream",
     "text": [
      "Rank of A: 3\n"
     ]
    }
   ],
   "source": [
    "rk=np.linalg.matrix_rank(A)\n",
    "print('Rank of A:', rk)"
   ]
  },
  {
   "cell_type": "markdown",
   "metadata": {},
   "source": [
    "the vectors are not orthogonal"
   ]
  },
  {
   "cell_type": "code",
   "execution_count": 16,
   "metadata": {},
   "outputs": [
    {
     "name": "stdout",
     "output_type": "stream",
     "text": [
      "1.7612376351788814\n"
     ]
    }
   ],
   "source": [
    "print(np.linalg.norm(np.dot(A.T,A)-np.eye(A.shape[1]))) # to check orthogonality of columns"
   ]
  },
  {
   "cell_type": "code",
   "execution_count": null,
   "metadata": {},
   "outputs": [],
   "source": [
    "print(np.linalg.norm(np.dot(A,A.T)-np.eye(A.shape[0])))"
   ]
  },
  {
   "cell_type": "markdown",
   "metadata": {},
   "source": [
    "to orthogonalize it we use the Gram-Schmidt procedure on a set of linearly independent vectors columns of a matrix"
   ]
  },
  {
   "cell_type": "code",
   "execution_count": 18,
   "metadata": {},
   "outputs": [],
   "source": [
    "def Gram_Schmidt(X):\n",
    "    (m,n) = X.shape\n",
    "    U = np.zeros((m,n))\n",
    "    R = np.zeros((n,n))\n",
    "    for i in range(n):\n",
    "        U[:,i] = X[:,i]\n",
    "        for j in range(i):\n",
    "            R[j,i] = np.dot(U[:,j], X[:,i])\n",
    "            U[:,i] = U[:,i] - R[j,i]*U[:,j]\n",
    "        R[i,i]= np.linalg.norm(U[:,i])   \n",
    "        U[:,i] = U[:,i]/R[i,i]\n",
    "    return (U,R)"
   ]
  },
  {
   "cell_type": "code",
   "execution_count": 20,
   "metadata": {},
   "outputs": [
    {
     "name": "stdout",
     "output_type": "stream",
     "text": [
      "[[ 0.5979858   0.43191072 -0.49616024]\n",
      " [ 0.05871291  0.35493301  0.71245278]\n",
      " [ 0.78621649 -0.47310849  0.31661119]\n",
      " [ 0.11486044  0.37695116 -0.19724178]\n",
      " [ 0.08738703  0.56705544  0.32724468]]\n"
     ]
    }
   ],
   "source": [
    "(U,R) = Gram_Schmidt(A)\n",
    "print(U)"
   ]
  },
  {
   "cell_type": "code",
   "execution_count": 22,
   "metadata": {},
   "outputs": [
    {
     "name": "stdout",
     "output_type": "stream",
     "text": [
      "[[ 1.00000000e+00  2.34541871e-17 -1.27392447e-16]\n",
      " [ 2.34541871e-17  1.00000000e+00  1.22526662e-16]\n",
      " [-1.27392447e-16  1.22526662e-16  1.00000000e+00]]\n"
     ]
    }
   ],
   "source": [
    "print(np.dot(U.T,U))# the columns are an an orthonormale set"
   ]
  },
  {
   "cell_type": "code",
   "execution_count": 24,
   "metadata": {},
   "outputs": [
    {
     "name": "stdout",
     "output_type": "stream",
     "text": [
      "[[ 7.90308872e-01 -1.65081885e-01  1.08715779e-01  3.29357688e-01\n",
      "   1.34807726e-01]\n",
      " [-1.65081885e-01  6.37013615e-01  1.03809760e-01  1.07461816e-05\n",
      "   4.39543825e-01]\n",
      " [ 1.08715779e-01  1.03809760e-01  9.42210655e-01 -1.50482575e-01\n",
      "  -9.59642861e-02]\n",
      " [ 3.29357688e-01  1.07461816e-05 -1.50482575e-01  1.94189416e-01\n",
      "   1.59243192e-01]\n",
      " [ 1.34807726e-01  4.39543825e-01 -9.59642861e-02  1.59243192e-01\n",
      "   4.36277442e-01]]\n"
     ]
    }
   ],
   "source": [
    "print(np.dot(U,U.T)) # we have not the identity because the rows are not an orthonormal set"
   ]
  },
  {
   "cell_type": "code",
   "execution_count": 26,
   "metadata": {},
   "outputs": [
    {
     "name": "stdout",
     "output_type": "stream",
     "text": [
      "Rank of A: 3\n",
      "UB \n",
      " [[ 0.95663054 -0.2756269  -0.09427524]\n",
      " [ 0.26561051  0.69241665  0.67082802]\n",
      " [ 0.1196205   0.66677507 -0.73559632]]\n",
      "RB \n",
      " [[0.59368068 1.17504771 1.06438619]\n",
      " [0.         0.75961631 0.43506139]\n",
      " [0.         0.         0.36085431]]\n"
     ]
    }
   ],
   "source": [
    "B = np.random.rand(3,3)\n",
    "rk=np.linalg.matrix_rank(A)\n",
    "print('Rank of A:', rk)\n",
    "(UB,RB) = Gram_Schmidt(B)\n",
    "print('UB \\n',UB)\n",
    "print('RB \\n',RB)"
   ]
  },
  {
   "cell_type": "code",
   "execution_count": 28,
   "metadata": {},
   "outputs": [
    {
     "name": "stdout",
     "output_type": "stream",
     "text": [
      "[[ 1.00000000e+00 -2.15318153e-16  5.04871784e-18]\n",
      " [-2.15318153e-16  1.00000000e+00  1.01924628e-15]\n",
      " [ 5.04871784e-18  1.01924628e-15  1.00000000e+00]]\n"
     ]
    }
   ],
   "source": [
    "print(np.dot(UB.T,UB))"
   ]
  },
  {
   "cell_type": "code",
   "execution_count": 30,
   "metadata": {},
   "outputs": [
    {
     "name": "stdout",
     "output_type": "stream",
     "text": [
      "[[ 1.00000000e+00 -3.42824032e-16  3.20116376e-17]\n",
      " [-3.42824032e-16  1.00000000e+00 -1.37709328e-16]\n",
      " [ 3.20116376e-17 -1.37709328e-16  1.00000000e+00]]\n"
     ]
    }
   ],
   "source": [
    "print(np.dot(UB,UB.T))"
   ]
  },
  {
   "cell_type": "code",
   "execution_count": 32,
   "metadata": {},
   "outputs": [
    {
     "name": "stdout",
     "output_type": "stream",
     "text": [
      "B \n",
      " [[0.56793307 0.91471584 0.86429009]\n",
      " [0.15768783 0.838076   0.82602709]\n",
      " [0.07101638 0.64705301 0.1519674 ]]\n",
      "B-np.dot(UB,RB) \n",
      " [[ 0.00000000e+00  0.00000000e+00  0.00000000e+00]\n",
      " [ 0.00000000e+00  0.00000000e+00 -1.11022302e-16]\n",
      " [ 0.00000000e+00  0.00000000e+00  0.00000000e+00]]\n"
     ]
    }
   ],
   "source": [
    "print('B \\n',B)\n",
    "print('B-np.dot(UB,RB) \\n', B-np.dot(UB,RB))"
   ]
  },
  {
   "cell_type": "markdown",
   "metadata": {},
   "source": [
    "To generate an orthogonal basis we use the QR factorization"
   ]
  },
  {
   "cell_type": "code",
   "execution_count": 35,
   "metadata": {},
   "outputs": [
    {
     "name": "stdout",
     "output_type": "stream",
     "text": [
      "Q: \n",
      " [[-0.95663054  0.2756269   0.09427524]\n",
      " [-0.26561051 -0.69241665 -0.67082802]\n",
      " [-0.1196205  -0.66677507  0.73559632]]\n",
      "R: \n",
      " [[-0.59368068 -1.17504771 -1.06438619]\n",
      " [ 0.         -0.75961631 -0.43506139]\n",
      " [ 0.          0.         -0.36085431]]\n"
     ]
    }
   ],
   "source": [
    "(Q,R)=np.linalg.qr(B)\n",
    "print('Q: \\n',Q)\n",
    "print('R: \\n',R)"
   ]
  },
  {
   "cell_type": "code",
   "execution_count": 37,
   "metadata": {},
   "outputs": [
    {
     "name": "stdout",
     "output_type": "stream",
     "text": [
      "[[0.59368068 1.17504771 1.06438619]\n",
      " [0.         0.75961631 0.43506139]\n",
      " [0.         0.         0.36085431]]\n",
      "[[ 0.95663054 -0.2756269  -0.09427524]\n",
      " [ 0.26561051  0.69241665  0.67082802]\n",
      " [ 0.1196205   0.66677507 -0.73559632]]\n"
     ]
    }
   ],
   "source": [
    "print(RB)\n",
    "print(UB)"
   ]
  },
  {
   "cell_type": "markdown",
   "metadata": {},
   "source": [
    " ### Exercise"
   ]
  },
  {
   "cell_type": "code",
   "execution_count": 39,
   "metadata": {},
   "outputs": [
    {
     "name": "stdout",
     "output_type": "stream",
     "text": [
      "[[-1  1  0]\n",
      " [ 0 -1  1]]\n"
     ]
    }
   ],
   "source": [
    "A=np.array([ [-1, 1, 0],[0,-1,1]])\n",
    "print(A)"
   ]
  },
  {
   "cell_type": "code",
   "execution_count": 41,
   "metadata": {},
   "outputs": [
    {
     "name": "stdout",
     "output_type": "stream",
     "text": [
      "AAT\n",
      " [[ 2 -1]\n",
      " [-1  2]]\n",
      "ATA\n",
      " [[ 1 -1  0]\n",
      " [-1  2 -1]\n",
      " [ 0 -1  1]]\n"
     ]
    }
   ],
   "source": [
    "AAT=np.dot(A,A.T)\n",
    "print('AAT\\n',AAT)\n",
    "ATA=np.dot(A.T,A)\n",
    "print('ATA\\n',ATA)"
   ]
  },
  {
   "cell_type": "code",
   "execution_count": null,
   "metadata": {},
   "outputs": [],
   "source": [
    "(SU,U)=np.linalg.eig(AAT)\n",
    "print('Eigenvalues of AAT: \\n',SU)\n",
    "print('Eigenvectors of AAT : \\n',U)"
   ]
  },
  {
   "cell_type": "code",
   "execution_count": null,
   "metadata": {},
   "outputs": [],
   "source": [
    "print(np.dot(U.T,U))"
   ]
  },
  {
   "cell_type": "code",
   "execution_count": null,
   "metadata": {},
   "outputs": [],
   "source": [
    "(SV,V)=np.linalg.eig(ATA)\n",
    "print('Eigenvalues of ATA : \\n',SV)\n",
    "print('Eigenvectors of ATA : \\n',V)"
   ]
  },
  {
   "cell_type": "code",
   "execution_count": null,
   "metadata": {},
   "outputs": [],
   "source": [
    "RS=np.dot(np.dot(U.T,A),V)"
   ]
  },
  {
   "cell_type": "code",
   "execution_count": null,
   "metadata": {},
   "outputs": [],
   "source": [
    "print('Matrix RS of the singular value decomposition \\n',RS)"
   ]
  },
  {
   "cell_type": "code",
   "execution_count": null,
   "metadata": {},
   "outputs": [],
   "source": [
    "Us, ss, Vs = np.linalg.svd(A, full_matrices=True)\n",
    "print(ss)"
   ]
  },
  {
   "cell_type": "code",
   "execution_count": null,
   "metadata": {},
   "outputs": [],
   "source": []
  }
 ],
 "metadata": {
  "anaconda-cloud": {},
  "kernelspec": {
   "display_name": "Python [conda env:base] *",
   "language": "python",
   "name": "conda-base-py"
  },
  "language": "fsharp",
  "language_info": {
   "codemirror_mode": {
    "name": "ipython",
    "version": 3
   },
   "file_extension": ".py",
   "mimetype": "text/x-python",
   "name": "python",
   "nbconvert_exporter": "python",
   "pygments_lexer": "ipython3",
   "version": "3.12.7"
  }
 },
 "nbformat": 4,
 "nbformat_minor": 4
}
